See optics_info_GLOBAL_10.xls
Col 2 = abs (m2 mgChl-1)
Col 3 = abs photosynthetic (m2 mgChl-1)
Col 4 = tot scatt (m2 mgC-1) 
Col 5 = non-spec backscatter coef (m2 mgC-1)
Format I4,2F10.4,1F10.5,1F10.9
*** Lg euk (incl. cell diameter in um) ***
   0  27.64      27.64       27.64          27.64
 250  0          0         0.0006      0
 325  0          0         0.0006      0
 350 0.013      0.013      0.0003      0
 370 0.014      0.014      0.0003      0
 400 0.0162     0.0162     0.00071    0.000001735
 425 0.0178     0.0178     0.00070    0.000001735
 450 0.0180     0.0180     0.00067    0.000001735
 475 0.0165     0.0165     0.00068    0.000001735
 500 0.0135     0.0135     0.00074    0.000001735
 525 0.0110     0.0110     0.00079    0.000001735
 550 0.0082     0.0082     0.00085    0.000001735
 575 0.0051     0.0051     0.00091    0.000001735
 600 0.0044     0.0044     0.00092    0.000001735
 625 0.0048     0.0048     0.00093    0.000001735
 650 0.0058     0.0058     0.00093    0.000001735
 675 0.0105     0.0105     0.00086    0.000001735
 700 0.0048     0.0048     0.00097    0.000001735
 725  0          0         0.0006      0
 775  0          0          0          0
 850  0          0          0          0
 950  0          0          0          0
1050  0          0          0          0
1150  0          0          0          0
1250  0          0          0          0
1350  0          0          0          0
1450  0          0          0          0
1550  0          0          0          0
1650  0          0          0          0
1750  0          0          0          0
1900  0          0          0          0
2200  0          0          0          0
2900  0          0          0          0
3700  0          0          0          0
*** Diatom (incl. cell diameter in um) ***
   0   3.99       3.99       30.00          30.00
 250  0          0         0.0055       0
 325  0          0         0.0051       0
 350 0.015      0.015      0.0045       0
 375 0.016      0.016      0.0043       0
 400 0.0205     0.0205     0.00352    0.000000240
 425 0.0232     0.0232     0.00336    0.000000240
 450 0.0218     0.0218     0.00336    0.000000240
 475 0.0164     0.0164     0.00354    0.000000240
 500 0.0139     0.0139     0.00362    0.000000240
 525 0.0104     0.0104     0.00368    0.000000240
 550 0.0073     0.0073     0.00364    0.000000240
 575 0.0050     0.0050     0.00359    0.000000240
 600 0.0044     0.0044     0.00351    0.000000240
 625 0.0054     0.0054     0.00341    0.000000240
 650 0.0063     0.0063     0.00323    0.000000240
 675 0.0139     0.0139     0.00299    0.000000240
 700 0.0051     0.0051     0.00309    0.000000240
 725  0          0         0.0027      0
 775  0          0          0          0
 850  0          0          0          0
 950  0          0          0          0
1050  0          0          0          0
1150  0          0          0          0
1250  0          0          0          0
1350  0          0          0          0
1450  0          0          0          0
1550  0          0          0          0
1650  0          0          0          0
1750  0          0          0          0
1900  0          0          0          0
2200  0          0          0          0
2900  0          0          0          0
3700  0          0          0          0
*** Coccoli (incl. cell diameter in um) ***
   0   4.93       4.93        4.93           4.93
 250  0          0         0.0117       0
 325  0          0         0.0107       0
 350 0.028      0.028      0.0096       0
 375 0.029      0.029      0.0093       0
 400 0.0300     0.0288     0.00656    0.000002516
 425 0.0338     0.0320     0.00642    0.000002516
 450 0.0354     0.0327     0.00645    0.000002516
 475 0.0326     0.0291     0.00681    0.000002516
 500 0.0217     0.0193     0.00762    0.000002516
 525 0.0144     0.0141     0.00811    0.000002516
 550 0.0091     0.0091     0.00840    0.000002516
 575 0.0066     0.0066     0.00840    0.000002516
 600 0.0066     0.0066     0.00821    0.000002516
 625 0.0067     0.0067     0.00803    0.000002516
 650 0.0069     0.0069     0.00775    0.000002516
 675 0.0140     0.0140     0.00731    0.000002516
 700 0.0045     0.0045     0.00795    0.000002516
 725 0.001      0.001      0.0058      0
 775  0          0          0          0 
 850  0          0          0          0
 950  0          0          0          0
1050  0          0          0          0
1150  0          0          0          0
1250  0          0          0          0
1350  0          0          0          0
1450  0          0          0          0
1550  0          0          0          0
1650  0          0          0          0
1750  0          0          0          0
1900  0          0          0          0
2200  0          0          0          0
2900  0          0          0          0
3700  0          0          0          0
*** zooplankton ***
   0   5.00       5.00        5.00           5.00
 250  0          0          0          0
 325  0          0          0          0 
 350  0          0          0          0
 375  0          0          0          0
 400 0.0000     0.0000     0.00640    0.000012850
 425 0.0000     0.0000     0.00605    0.000012850
 450 0.0000     0.0000     0.00591    0.000012850
 475 0.0000     0.0000     0.00581    0.000012850
 500 0.0000     0.0000     0.00588    0.000012850
 525 0.0000     0.0000     0.00574    0.000012850
 550 0.0000     0.0000     0.00546    0.000012850
 575 0.0000     0.0000     0.00531    0.000012850
 600 0.0000     0.0000     0.00508    0.000012850
 625 0.0000     0.0000     0.00483    0.000012850
 650 0.0000     0.0000     0.00452    0.000012850
 675 0.0000     0.0000     0.00421    0.000012850
 700 0.0000     0.0000     0.00438    0.000012850
 725  0          0          0          0
 775  0          0          0          0
 850  0          0          0          0
 950  0          0          0          0
1050  0          0          0          0
1150  0          0          0          0
1250  0          0          0          0
1350  0          0          0          0
1450  0          0          0          0
1550  0          0          0          0
1650  0          0          0          0
1750  0          0          0          0
1900  0          0          0          0
2200  0          0          0          0
2900  0          0          0          0
3700  0          0          0          0
*** Sm Euk (incl. cell diameter um) ***
   0   1.00       1.00        4.45           4.45
 400 0.0213     0.0213     0.00703    0.000003728
 425 0.0251     0.0251     0.00667    0.000003728
 450 0.0261     0.0261     0.00669    0.000003728
 475 0.0216     0.0216     0.00737    0.000003728
 500 0.0159     0.0159     0.00834    0.000003728
 525 0.0100     0.0100     0.00908    0.000003728
 550 0.0063     0.0063     0.00936    0.000003728
 575 0.0044     0.0044     0.00936    0.000003728
 600 0.0041     0.0041     0.00909    0.000003728
 625 0.0051     0.0051     0.00866    0.000003728
 650 0.0060     0.0060     0.00819    0.000003728
 675 0.0131     0.0131     0.00755    0.000003728
 700 0.0052     0.0052     0.00876    0.000003728
*** Syn (incl. cell diameter in um) ***
   0   1.05       1.05        1.05           1.05
 400 0.0323     0.0227     0.00772    0.000013127
 425 0.0406     0.0252     0.00711    0.000013127
 450 0.0379     0.0153     0.00676    0.000013127
 475 0.0304     0.0070     0.00618    0.000013127
 500 0.0304     0.0147     0.00578    0.000013127
 525 0.0268     0.0241     0.00534    0.000013127
 550 0.0292     0.0291     0.00492    0.000013127
 575 0.0135     0.0135     0.00468    0.000013127
 600 0.0064     0.0064     0.00419    0.000013127
 625 0.0072     0.0072     0.00378    0.000013127
 650 0.0077     0.0077     0.00345    0.000013127
 675 0.0147     0.0147     0.00321    0.000013127
 700 0.0070     0.0070     0.00326    0.000013127
*** HL Pro (incl. cell diameter in um) ***
   0   0.63       0.63        0.63           0.63
 400 0.0273     0.0174     0.00350    0.000014685
 425 0.0399     0.0229     0.00325    0.000014685
 450 0.0453     0.0172     0.00337    0.000014685
 475 0.0280     0.0049     0.00337    0.000014685
 500 0.0191     0.0011     0.00329    0.000014685
 525 0.0062     0.0017     0.00289    0.000014685
 550 0.0029     0.0026     0.00248    0.000014685
 575 0.0028     0.0028     0.00217    0.000014685
 600 0.0035     0.0035     0.00194    0.000014685
 625 0.0046     0.0046     0.00173    0.000014685
 650 0.0064     0.0064     0.00153    0.000014685
 675 0.0148     0.0148     0.00154    0.000014685
 700 0.0060     0.0060     0.00156    0.000014685
*** LL Pro (incl. cell diameter in um) ***
   0   0.63       0.63        0.63           0.63
 400 0.0420     0.0225     0.00350    0.000014685
 425 0.0604     0.0286     0.00325    0.000014685
 450 0.0728     0.0262     0.00337    0.000014685
 475 0.0584     0.0180     0.00337    0.000014685
 500 0.0353     0.0030     0.00329    0.000014685
 525 0.0132     0.0035     0.00289    0.000014685
 550 0.0068     0.0061     0.00248    0.000014685
 575 0.0055     0.0055     0.00217    0.000014685
 600 0.0060     0.0060     0.00194    0.000014685
 625 0.0067     0.0067     0.00173    0.000014685
 650 0.0114     0.0114     0.00153    0.000014685
 675 0.0159     0.0159     0.00154    0.000014685
 700 0.0072     0.0072     0.00156    0.000014685
*** Tricho (incl. cell diameter in um) ***
   0   6.00       6.00        6.00           6.00
 400 0.0267     0.0192     0.01730    0.000051850
 425 0.0325     0.0212     0.01662    0.000051850
 450 0.0284     0.0118     0.01572    0.000051850
 475 0.0235     0.0041     0.01483    0.000051850
 500 0.0188     0.0064     0.01441    0.000051850
 525 0.0130     0.0106     0.01350    0.000051850
 550 0.0111     0.0111     0.01209    0.000051850
 575 0.0086     0.0086     0.01182    0.000051850
 600 0.0078     0.0078     0.01173    0.000051850
 625 0.0091     0.0091     0.01145    0.000051850
 650 0.0110     0.0110     0.01057    0.000051850
 675 0.0170     0.0170     0.00966    0.000051850
 700 0.0065     0.0065     0.00899    0.000051850
*** n2unicell (incl. cell diameter in um) ***
   0   3.00       3.00        3.00           3.00
 400 0.0474     0.0274     0.00772    0.000013127
 425 0.0576     0.0283     0.00711    0.000013127
 450 0.0543     0.0160     0.00676    0.000013127
 475 0.0444     0.0062     0.00618    0.000013127
 500 0.0416     0.0138     0.00578    0.000013127
 525 0.0270     0.0224     0.00534    0.000013127
 550 0.0270     0.0269     0.00492    0.000013127
 575 0.0144     0.0144     0.00468    0.000013127
 600 0.0076     0.0076     0.00419    0.000013127
 625 0.0089     0.0089     0.00378    0.000013127
 650 0.0098     0.0098     0.00345    0.000013127
 675 0.0200     0.0200     0.00321    0.000013127
 700 0.0100     0.0100     0.00326    0.000013127
*** phyto MEAN ***
   0   5.00       5.00        5.00           5.00
 400 0.0310     0.0223     0.00640    0.000012850
 425 0.0387     0.0253     0.00605    0.000012850
 450 0.0396     0.0206     0.00591    0.000012850
 475 0.0318     0.0137     0.00581    0.000012850
 500 0.0246     0.0112     0.00588    0.000012850
 525 0.0147     0.0118     0.00574    0.000012850
 550 0.0118     0.0116     0.00546    0.000012850
 575 0.0074     0.0074     0.00531    0.000012850
 600 0.0058     0.0058     0.00508    0.000012850
 625 0.0067     0.0067     0.00483    0.000012850
 650 0.0082     0.0082     0.00452    0.000012850
 675 0.0155     0.0155     0.00421    0.000012850
 700 0.0066     0.0066     0.00438    0.000012850
*** syn_PEB ***
   0   1.05       1.05        1.05           1.05
 400 0.0000     0.0000     0.00000    0.000000000
 425 0.0000     0.0000     0.00000    0.000000000
 450 0.0000     0.0000     0.00000    0.000000000
 475 0.0000     0.0000     0.00000    0.000000000
 500 0.0000     0.0000     0.00000    0.000000000
 525 0.0000     0.0000     0.00000    0.000000000
 550 0.0000     0.0000     0.00000    0.000000000
 575 0.0000     0.0000     0.00000    0.000000000
 600 0.0000     0.0000     0.00000    0.000000000
 625 0.0000     0.0000     0.00000    0.000000000
 650 0.0000     0.0000     0.00000    0.000000000
 675 0.0000     0.0000     0.00000    0.000000000
 700 0.0000     0.0000     0.00000    0.000000000
